process-00:1 2 3 4 5 6 7 8 9 10 11 12 13 14 15 16 17 18 19 20 21 22 23 24 25 26 27 28 29 
process-01:1 2 3 4 5 6 7 8 9 10 11 12 13 14 15 16 17 18 19 20 21 22 23 24 25 26 27 28 29 
process-02:1 2 3 4 5 6 7 8 9 10 11 12 13 14 15 16 17 18 19 20 21 22 23 24 25 26 27 28 29 
process-03:1 2 3 4 5 6 7 8 9 10 11 12 13 14 15 16 17 18 19 20 21 22 23 24 25 26 27 28 29 
process-00:1 2 3 4 5 6 7 8 9 10 11 12 13 14 15 16 17 18 19 20 21 22 23 24 25 26 27 28 29 
process-01:1 2 3 4 5 6 7 8 9 10 11 12 13 14 15 16 17 18 19 20 21 22 23 24 25 26 27 28 29 
process-02:1 2 3 4 5 6 7 8 9 10 11 12 13 14 15 16 17 18 19 20 21 22 23 24 25 26 27 28 29 
process-03:1 2 3 4 5 6 7 8 9 10 11 12 13 14 15 16 17 18 19 20 21 22 23 24 25 26 27 28 29 
process-10:1 2 3 4 5 6 7 8 9 10 11 12 13 14 15 16 17 18 19 20 process-20:1 21 2 22 3 23 4 24 5 25 6 26 7 27 8 28 9 29 10 
process-11:1 11 2 12 3 13 4 14 5 15 6 16 7 17 8 18 9 process-30:1 19 10 2 20 11 3 21 12 4 22 13 5 23 14 6 24 15 7 25 16 8 26 17 9 27 18 10 28 19 11 29 20 12 
process-21:1 21 13 2 22 14 3 23 15 4 24 16 process-40:1 5 25 17 2 6 26 18 3 7 27 19 4 8 28 20 5 9 29 21 6 10 
process-12:1 22 7 11 2 23 8 12 3 24 9 13 4 25 10 14 5 26 11 15 6 27 12 16 7 28 13 17 8 29 14 18 9 
process-31:1 15 19 10 2 16 20 11 3 17 21 12 4 18 22 13 5 19 23 14 6 20 24 15 7 21 25 16 8 22 26 17 9 23 27 18 10 24 28 19 11 25 29 20 12 26 
process-22:1 21 13 27 2 22 14 28 3 23 15 29 4 24 16 
process-41:1 5 25 17 2 6 26 18 3 7 27 19 4 8 28 20 5 9 29 21 6 10 
process-13:1 22 7 11 2 23 8 12 3 24 9 13 4 25 10 14 5 26 11 15 6 27 12 16 7 28 13 17 8 29 14 18 9 
process-32:1 15 19 10 2 16 20 11 3 17 21 12 4 18 22 13 5 19 23 14 6 20 24 15 7 21 25 16 8 22 26 17 9 23 27 18 10 24 28 19 11 25 29 20 12 26 
process-23:1 21 13 27 2 22 14 28 3 23 15 29 4 24 16 
process-42:1 5 25 17 2 6 26 18 3 7 27 19 4 8 28 20 5 9 29 21 6 10 
22 7 11 23 8 12 24 9 13 25 10 14 26 11 15 27 12 16 28 13 17 29 14 18 
process-33:1 15 19 2 16 20 3 17 21 4 18 22 5 19 23 6 20 24 7 21 25 8 22 26 9 23 27 10 24 28 11 25 29 12 26 
13 27 14 28 15 29 16 
process-43:1 17 2 18 3 19 4 20 5 21 6 22 7 23 8 24 9 25 10 26 11 27 12 28 13 29 14 
15 16 17 18 19 20 21 22 23 24 25 26 27 28 29 
process-10:1 2 3 4 5 6 7 8 9 10 11 12 13 14 15 16 17 18 19 20 21 22 23 24 25 26 27 28 29 
process-20:1 2 3 4 5 6 7 8 9 10 11 12 13 14 15 16 17 18 19 20 21 22 23 24 25 26 27 28 29 
process-11:1 2 3 4 5 6 7 8 9 10 11 12 13 14 15 16 17 18 19 20 21 22 23 24 25 26 27 28 29 
process-30:1 2 3 4 5 6 7 8 9 10 11 12 13 14 15 16 17 18 19 20 21 22 23 24 25 26 27 28 29 
process-40:1 2 3 4 5 6 7 8 9 10 11 12 13 14 15 16 17 18 19 20 21 22 23 24 25 26 27 28 29 
process-21:1 2 3 4 5 6 7 8 9 10 11 12 13 14 15 16 17 18 19 20 21 22 23 24 25 26 27 28 29 
process-50:1 2 3 4 5 6 7 8 9 10 11 12 13 14 15 16 17 18 19 20 21 22 23 24 25 26 27 28 29 
process-51:1 2 3 4 5 6 7 8 9 10 11 12 13 14 15 16 17 18 19 20 21 22 23 24 25 26 27 28 29 
process-31:1 2 3 4 5 6 7 8 9 10 11 12 13 14 15 16 17 18 19 20 21 22 23 24 25 26 27 28 29 
process-41:1 2 3 4 5 6 7 8 9 10 11 12 13 14 15 16 17 18 19 20 21 22 23 24 25 26 27 28 29 
process-22:1 2 3 4 5 6 7 8 9 10 11 12 13 14 15 16 17 18 19 20 21 22 23 24 25 26 27 28 29 
process-12:1 2 3 4 5 6 7 8 9 10 11 12 13 14 15 16 17 18 19 20 21 22 23 24 25 26 27 28 29 
process-52:1 2 3 4 5 6 7 8 9 10 11 12 13 14 15 16 17 18 19 20 21 22 23 24 25 26 27 28 29 
process-32:1 2 3 4 5 6 7 8 9 10 11 12 13 14 15 16 17 18 19 20 21 22 23 24 25 26 27 28 29 
process-42:1 2 3 4 5 6 7 8 9 10 11 12 13 14 15 16 17 18 19 20 21 22 23 24 25 26 27 28 29 
process-23:1 2 3 4 5 6 7 8 9 10 11 12 13 14 15 16 17 18 19 20 21 22 23 24 25 26 27 28 29 
process-13:1 2 3 4 5 6 7 8 9 10 11 12 13 14 15 16 17 18 19 20 21 22 23 24 25 26 27 28 29 
process-53:1 2 3 4 5 6 7 8 9 10 11 12 13 14 15 16 17 18 19 20 21 22 23 24 25 26 27 28 29 
process-33:1 2 3 4 5 6 7 8 9 10 11 12 13 14 15 16 17 18 19 20 21 22 23 24 25 26 27 28 29 
process-43:1 2 3 4 5 6 7 8 9 10 11 12 13 14 15 16 17 18 19 20 21 22 23 24 25 26 27 28 29 
